17 43
100
4 39
4 35
2 19
4 34
3 16
12 22
2 5
11 40
2 16
13 43
5 17
9 27
4 12
6 26
5 33
7 30
6 43
2 15
17 7
11 6
4 6
13 6
14 17
9 40
5 23
8 15
13 18
4 24
3 23
4 18
6 39
6 32
8 23
9 21
4 11
5 36
2 14
4 31
5 43
5 40
15 35
3 22
4 37
6 32
6 22
9 43
8 38
9 19
5 42
2 12
16 5
3 15
3 7
7 43
7 31
12 38
6 32
14 11
3 22
5 25
5 34
15 33
4 33
7 31
14 30
7 40
2 13
7 42
12 39
3 25
11 23
17 7
4 17
3 15
11 39
2 8
4 12
8 9
4 38
6 32
9 20
3 27
3 27
5 35
16 32
3 18
3 19
3 18
15 9
10 23
11 10
6 13
3 9
10 29
6 26
3 23
3 15
3 28
5 35
9 32
